,topics,coherence_values,perp_values
0,2,0.5891129597772903,-7.5213101577104995
1,4,0.6549414969650723,-7.604100802291593
2,6,0.6922784428793817,-7.708008100558199
3,8,0.6377843324723693,-7.846743613319309
4,10,0.6246872882912875,-8.119288719496742
5,12,0.6170497108170127,-8.668437276323171
6,14,0.6328963003441473,-9.166191877983639
7,16,0.5775305222897915,-9.42701190836703
8,18,0.6095042018343247,-9.683533639834595
9,20,0.5979259160515102,-9.916575536338746
10,22,0.6068020165358902,-10.171859386377825
11,24,0.5809563751894009,-10.395818089968923
12,26,0.6065727604667196,-10.649238292305835
13,28,0.5942160867678915,-10.880525976887684
14,30,0.5819366438773568,-11.124801276513645
15,32,0.5807071863900259,-11.353004857829314
16,34,0.5728917832196521,-11.621390172379746
17,36,0.5481297898160918,-11.86768630896383
18,38,0.5459842262957181,-12.091636293801223
19,40,0.5448894469998431,-12.328191326901434
20,42,0.5467612016463689,-12.574599962870419
21,44,0.5512324562026035,-12.826836957159317
22,46,0.5222445918385622,-13.062176217137393
23,48,0.5289763476847451,-13.323666899377175
